1111111111111111111111111111111
2222222222222222222222222222
3333333333333333333333333333333
444444444444444444444444444444
5555555555555555555555555555555
666666666666666666666666666666
7777777777777777777777777777777
8888888888888888888888888888888
999999999999999999999999999999
10101010101010101010101010101010101010101010101010101010101010
111111111111111111111111111111111111111111111111111111111111
12121212121212121212121212121212121212121212121212121212121212

1111111111111111111111111111111222222222222222222222222222233333333333333333333333333333334444444444444444444444444444445555555555555555555555555555555666666666666666666666666666666777777777777777777777777777777788888888888888888888888888888889999999999999999999999999999991010101010101010101010101010101010101010101010101010101010101011111111111111111111111111111111111111111111111111111111111112121212121212121212121212121212121212121212121212121212121212